Overall Accuracy: 0.9659227261819054:
Overall Precision: 0.9659153451481987
Overall Recall: 0.9659227261819054
Overall F1-Score: 0.9658316465254695

Metrics for label 1:
Accuracy: 1.0
Precision: 0.9624083914426249
Recall: 0.9804789696115919
F1-Score: 0.9713596443132994

Metrics for label 0:
Accuracy: 0.9851446222971075
Precision: 0.9851446222971075
Recall: 0.9704019252579459
F1-Score: 0.9777177018157496

Metrics for label -1:
Accuracy: 0.9291109049953624
Precision: 0.9291470054446461
Recall: 0.9034375661749136
F1-Score: 0.9161119461742181

